categorizing keyframes based on their similarity
seg0: [ 1  16  8   3   7  20   2  24  29  25 128]
seg1: [ 2  3  0  7 16  8 29 20 23 24 27]
seg2: [ 3  7  1  8 16 20 29 27  0 28 25]
seg3: [ 2  7  1 16  8 20 29 27  0 25 28]
seg4: [ 9 17  7  3  2 27  8 21 25 20 26]
seg5: [14 15  6 18 22 10  7  3 11  2 19]
seg6: [19 18 14 15 11  7  3  2 10  1 23]
seg7: [ 3  2  8  1 20 29 27 25 26 28 16]
seg8: [ 7 16  2  3 20  1  0 29 27 26 25]
seg9: [ 4 17 12  8 21  7 20 16  3  2 26]
seg10: [11 15 13 14  8  7  0  1 16  3  2]
seg11: [10 15  8  1  0  7 16 14  3  2 20]
seg12: [ 9 17  8 16 20  0  7  4  1  3 21]
seg13: [15 20 16 10 11 14  8  7  0 23  3]
seg14: [15 11 19 13 10  6  7  0  1 18 20]
seg15: [14 11 19  7  0  1 20 13 16  3 23]
seg16: [ 8  1 20  3  0  2  7 29 24 23 25]
seg17: [ 9  4 12 20 24 26 27 23 16 25  7]
seg18: [19  6 14 15 13 23 10 24 20 27  7]
seg19: [24 23 20  7 15 25 27 26  3 28  2]
seg20: [ 7 16  8  3  2 25 24 27 26 23  0]
seg21: [ 9  4 20  8 16 17 12  7  0  3 27]
seg22: [24 26 23 27 25 28 20 19 13  7 15]
seg23: [24 25 26 27 28  7 20 29  1  3  2]
seg24: [23 26 25 27 28  7 20 29  3  1  2]
seg25: [26 27 24 28 23 29  7 20  3  2  8]
seg26: [25 27 24 28 23  7 29 20  2  3  8]
seg27: [25 26 24 28 23  7 29  2  3 20  8]
seg28: [25 26 29 27 24 23  7  2  3 20  1]
seg29: [28  7 25 27 26  2  3 24 23  8  1]
seg30: [ 3  2  7 29  8  1 16 27 28 20 25]
seg31: [30 32 26  7 28 29 27 25 23 24  3]
seg32: [33 30 31 42  8 29  7  3  2 43  1]
seg33: [32 43 12 30 37  8 31 44 42  7 29]
seg34: [12  9 44 43 51 48 50 49 46 52 47]
seg35: [36 49 48 57 50 37 46 41 47 55 56]
seg36: [35 49 37 48 50 46 43 47 41 57 45]
seg37: [38 48 39 40 43 49 46 50 45 41 44]
seg38: [37 39 48 40 43 49 46 44 50 45 41]
seg39: [40 41 45 48 46 47 49 37  8  1 50]
seg40: [39 41 48 45 49 47 46  8  1 16  2]
seg41: [40 39 42 49 46 48 47 45 43 50 37]
seg42: [43 41 49 48 50 51 46 40 44 66 47]
seg43: [42 44 48 49 46 41 47 50 37 75 56]
seg44: [48 49 43 50 46 47 45 40 42 37 41]
seg45: [47 46 49 48 50 40 39 41 44  0  8]
seg46: [49 48 47 50 45 41 44 40 39 43 65]
seg47: [46 45 49 48 50 40 44 41 39 43  0]
seg48: [49 50 46 47 45 44 40 51 43 41 39]
seg49: [48 50 46 47 45 44 41 40 43 57 65]
seg50: [49 48 46 47 45 44 51 65  0 61 57]
seg51: [52 48 50 49 54 53 66 55 46 56 42]
seg52: [51 54 53 50 48 55 49 66 56 57 46]
seg53: [54 55 52 56 57 51 58 50 48 49 61]
seg54: [53 55 52 56 57 51 58 50 61 48 49]
seg55: [56 54 57 53 58 61 52 51 73 48 50]
seg56: [57 58 55 61 62 63 64 54 53 65 50]
seg57: [58 56 55 61 48 49 50 54 53 62 63]
seg58: [57 56 61 55 62 63 64 65 48 49 50]
seg59: [141 133  61  62  56 119  58  57  12  63  50]
seg60: [ 61  62  63  64  65  56  58  57 134 142  66]
seg61: [63 62 64 65 56 58 57 66 69 70 73]
seg62: [63 61 64 65 56 58 69 66 57 68 70]
seg63: [62 64 61 65 69 66 56 58 70 68 57]
seg64: [65 63 62 61 69 56 66 58 57 78 49]
seg65: [64 63 62 61 69 66 56 50 58 78 75]
seg66: [67 69 61 68 65 70 63 64 75 62 71]
seg67: [68 66 69 70 71 61 62 65 63 94 64]
seg68: [67 66 69 61 70 75 63 62 91 65 86]
seg69: [70 66 63 65 61 68 64 62 91 86 72]
seg70: [69 71 72 66 61 63 73 68 91 65 67]
seg71: [ 72  70  73  79  93  69  77 101  80  83  76]
seg72: [71 73 70 79 80 77 74 93 69 91 76]
seg73: [79 74 76 80 77 75 90 91 87 78 86]
seg74: [75 76 78 77 73 80 79 87 90 86 91]
seg75: [74 78 77 87 76 73 80 88 86 79 91]
seg76: [77 78 74 80 73 79 75 87 89 90 86]
seg77: [76 78 80 74 79 73 75 87 89 86 90]
seg78: [77 76 80 74 75 79 87 86 91 73 90]
seg79: [80 73 77 74 78 76 89 75 90 87 86]
seg80: [79 77 78 76 74 73 75 89 90 87 86]
seg81: [82 83 93 91 79 80 73 94 92 95 78]
seg82: [81 83 93 91 94 79 95 87 88 92 80]
seg83: [82 81 87 88 85 89 75 91 86 92 94]
seg84: [85 88 89 87 90 86 83 91 92 77 79]
seg85: [88 89 87 86 90 84 91 83 92 77 76]
seg86: [87 90 88 91 89 85 92 77 78 93 75]
seg87: [88 89 86 90 85 91 92 78 77 75 74]
seg88: [87 89 85 90 86 91 92 84 75 78 83]
seg89: [88 87 85 90 86 91 92 77 80 79 78]
seg90: [91 89 88 87 86 92 85 93 73 80 77]
seg91: [90 92 86 87 88 93 89 73 78 77 75]
seg92: [91 93 90 94 87 88 89 86 95 85 78]
seg93: [94 92 91 95 90 86 87 88 89 73 74]
seg94: [ 95  93  92  96  91 101 102  87 100 103  90]
seg95: [ 94  93  96  92  91 101  88  90  87  99 103]
seg96: [ 95  94  98  97  93  99  81 101  92 103 102]
seg97: [ 98  96  99  95  94 101 102 103 100 105 104]
seg98: [ 99  97  96 101 100 102 103 105 104  94  95]
seg99: [ 98 100 102 103 101 104 105 106  96  94  95]
seg100: [101 102 103  99 104 105 106  98  94  95 107]
seg101: [100 102 103 104 105 106  99  94  98  95 107]
seg102: [103 101 104 105 100 106  99  94  98 107  95]
seg103: [102 104 105 101 106 100  99  94 107  98  95]
seg104: [105 103 102 106 101 100 107  99  94  98  95]
seg105: [106 104 103 102 101 100 107  99  94  98 108]
seg106: [105 104 102 103 101 100 107  99  94  98 108]
seg107: [105 106 104 103 102 101 100 108  99 110 109]
seg108: [105 104 106 107 103 102 101 100 109  99  98]
seg109: [105 108 107 104 106 100 103 102 101  99  98]
seg110: [107 105 106 104 109 103 101 102 108 100  99]
seg111: [108  59 119 107 141 106 101 102 105 104 103]
seg112: [113 131 135 114 126  35 115 109 137 127  54]
seg113: [115 109 112  35 107  57 125 105  76 104  77]
seg114: [115 106 102 107 105 101 104 103 100  99  76]
seg115: [114 107 101 104 103 105 102 106  76  77  68]
seg116: [114 115 131 133 127 125 135 122 124  12 118]
seg117: [118 142 127 134 126 131 114 130 124 135 122]
seg118: [117 142 131 134 135 127 114 128 139 124 126]
seg119: [125 133 128 136 129  12  66  52 101  77   8]
seg120: [121 137 138 122 114 128 115  36 125 101   8]
seg121: [120 115 137 122 138 125 128  36 114   8  16]
seg122: [125 139 128  68 138  94  10  95 129  67 137]
seg123: [119 108 101 125  12  76 105  77 104 138 128]
seg124: [131 114 134 118 126 128 127 122 115 135   8]
seg125: [122 129 119 138 128 133  16 107 137  94 109]
seg126: [127 134 131 135 142 117 130 128 118 124 122]
seg127: [126 131 134 142 135 117 118 130 128 124 122]
seg128: [ 0  1 16  8  3  2  7 20 49 48 50]
seg129: [128  42 125  16  30  41   8   1   0  66  51]
seg130: [131 134 128   0  15  11   8   1 135  16   3]
seg131: [135 128 127 130 134   0 126   1  11   2  16]
seg132: [138 128 106 101  72 104  57 105  55  52  71]
seg133: [ 12   9  17  48  49  43  50 119 128  89  46]
seg134: [135 130 131 126 142  49  48 128  50  46 127]
seg135: [134 128 131  50  49  48  47  46   0  45   1]
seg136: [138 106 101 102 104 105 107 100 103 119 129]
seg137: [138  35 136 122 125  36 132 109 128  94 101]
seg138: [137 132  93 136  77  71 128  73  86  72  55]
seg139: [140  68  69  63  48 128  61  65  62  49  50]
seg140: [139  44  38  48  63  37  69  50 128  49  65]
seg141: [ 59 133  63 119  12  61  50  48  49  62  64]
seg142: [134 117 118 135  11 128 127  50 131  10 130]
seg143: [145 148 144 149 193 242 195 194 174 183 244]
seg144: [145 146 143 147 148 149 195 242 194 193 183]
seg145: [143 148 144 147 149 242 195 150 193 244 241]
seg146: [147 144 148 145 149 143 150 242 204 206 203]
seg147: [146 148 149 145 150 242 144 204 203 170 206]
seg148: [149 150 204 203 206 205 242 152 207 202 155]
seg149: [148 150 152 203 204 156 155 153 206 207 151]
seg150: [152 149 151 148 153 157 156 155 154 203 204]
seg151: [152 150 153 154 149 157 148 155 156 203 204]
seg152: [150 153 151 149 154 148 157 155 156 203 204]
seg153: [154 152 151 150 155 149 157 148 156 203 204]
seg154: [153 152 151 150 155 149 157 148 156 203 204]
seg155: [156 148 149 152 153 157 150 154 170 203 202]
seg156: [157 155 149 148 152 150 153 170 203 206 204]
seg157: [156 152 150 155 153 149 151 148 158 154 203]
seg158: [157 156 152 150 155 159 153 151 149 183 148]
seg159: [157 158 168 152 150 162 170 151 153 156 155]
seg160: [161 162 164 159 257 189 173 157 170 175 152]
seg161: [160 164 162 257 173 165 159 190 174 170 157]
seg162: [157 170 187 174 152 150 193 191 192 151 255]
seg163: [176 159 166 168 162 252 250 170 253 251 249]
seg164: [165 161 173 262 261 190 177 170 160 162 189]
seg165: [164 262 173 261 161 169 170 177 162 190 152]
seg166: [168 170 234 191 192 255 252 193 254 250 249]
seg167: [169 185 171 170 147 172 250 230 251 252 255]
seg168: [199 170 252 148 248 166 249 247 246 237 250]
seg169: [170 172 185 167 250 251 171 252 253 255 254]
seg170: [250 255 251 252 254 245 253 244 148 259 208]
seg171: [172 185 250 249 251 170 252 245 208 248 169]
seg172: [171 170 250 251 249 252 245 208 188 253 209]
seg173: [250 251 252 249 253 189 177 245 246 247 190]
seg174: [178 186 252 251 191 250 253 254 249 192 170]
seg175: [179 174 254 180 170 255 198 251 253 250 252]
seg176: [241 244 245 170 242 252 250 247 251 246 243]
seg177: [189 190 173 191 186 192 244 245 193 257 246]
seg178: [174 179 191 186 192 193 187 182 181 244 245]
seg179: [178 175 174 180 186 191 236 192 237 245 219]
seg180: [191 186 241 192 187 193 181 236 237 182 244]
seg181: [182 191 187 192 186 193 244 259 245 194 195]
seg182: [181 191 192 187 186 193 259 244 194 245 180]
seg183: [186 191 192 187 193 195 188 194 148 244 245]
seg184: [186 191 263 187 192 248 249 252 247 246 236]
seg185: [191 186 171 236 192 169 250 245 187 251 252]
seg186: [191 187 192 193 249 248 247 246 252 254 237]
seg187: [186 192 191 193 194 195 248 249 247 255 246]
seg188: [187 186 183 191 192 193 248 249 247 252 194]
seg189: [190 177 186 191 192 249 173 248 187 247 252]
seg190: [189 177 173 186 191 192 249 248 187 257 252]
seg191: [192 193 186 187 194 252 249 247 246 195 237]
seg192: [191 193 187 194 186 195 259 247 255 246 254]
seg193: [192 191 194 187 195 186 247 246 245 248 244]
seg194: [195 193 192 191 187 186 196 245 244 247 246]
seg195: [194 193 196 192 187 191 186 204 148 244 206]
seg196: [195 197 194 198 193 192 187 191 148 204 203]
seg197: [198 196 195 148 203 204 206 149 205 242 194]
seg198: [197 196 148 195 149 203 175 204 242 206 202]
seg199: [200 168 148 203 202 204 183 205 206 149 207]
seg200: [203 226 204 205 206 199 202 207 183 209 208]
seg201: [202 203 204 205 206 148 207 208 149 170 244]
seg202: [203 204 205 206 201 207 148 208 209 149 170]
seg203: [204 205 206 207 208 202 209 148 149 210 211]
seg204: [205 203 206 207 208 209 202 148 210 149 211]
seg205: [204 206 203 207 208 209 202 210 148 211 149]
seg206: [205 207 204 203 208 209 202 210 148 211 149]
seg207: [206 208 205 203 204 209 211 210 202 148 187]
seg208: [209 207 206 204 205 203 211 210 247 246 249]
seg209: [208 207 206 204 205 210 203 211 246 249 247]
seg210: [211 209 207 208 206 204 205 203 187 225 191]
seg211: [210 209 208 207 206 204 187 205 203 191 192]
seg212: [211 210 206 209 221 205 204 207 203 208 225]
seg213: [214 219 222 212 211 221 210 179 174 220 175]
seg214: [213 215 220 211 219 170 212 236 222 184 210]
seg215: [166 235 212 214 216 221 222 234 211 264 220]
seg216: [217 222 212 227 221 219 226 211 200 220 236]
seg217: [216 222 219 226 200 221 220 227 224 211 225]
seg218: [219 220 223 225 222 224 226 202 221 201 183]
seg219: [220 222 224 179 225 221 223 211 210 226 198]
seg220: [223 224 225 222 219 180 226 221 210 211 205]
seg221: [222 224 220 223 219 225 212 226 210 205 206]
seg222: [221 224 220 219 223 225 226 210 212 211 196]
seg223: [224 220 225 222 226 221 205 219 206 210 211]
seg224: [225 223 220 226 222 210 211 205 206 219 221]
seg225: [224 226 223 220 210 206 211 205 207 204 203]
seg226: [225 224 183 200 205 206 210 204 207 220 203]
seg227: [226 200 183 168 225 211 224 236 237 209 208]
seg228: [229 176 234 227 235 166 236 244 226 237 170]
seg229: [231 228 230 173 226 189 236 244 232 235 170]
seg230: [232 229 226 231 167 185 171 214 200 267 172]
seg231: [232 184 229 230 263 214 226 183 267 244 170]
seg232: [231 230 183 226 214 147 170 171 148 244 184]
seg233: [185 176 171 250 236 251 252 244 245 169 172]
seg234: [235 166 236 191 250 237 245 251 252 244 264]
seg235: [234 264 166 236 184 250 215 251 191 237 252]
seg236: [237 250 252 251 245 249 247 244 191 246 248]
seg237: [249 236 252 248 246 247 251 250 245 244 191]
seg238: [239 240 241 237 249 250 236 252 244 245 248]
seg239: [238 240 241 242 250 244 251 252 237 249 236]
seg240: [241 244 242 245 250 258 243 239 251 252 249]
seg241: [242 244 243 245 252 251 249 258 247 246 248]
seg242: [243 241 244 245 247 246 249 248 252 251 237]
seg243: [244 242 245 247 246 241 249 248 252 251 250]
seg244: [245 243 247 246 242 249 252 248 251 241 250]
seg245: [244 247 246 243 249 248 252 251 250 242 241]
seg246: [247 249 248 245 244 252 251 250 243 237 253]
seg247: [246 249 248 245 244 252 251 243 250 237 242]
seg248: [249 247 246 252 245 251 250 237 244 243 253]
seg249: [248 246 247 252 251 250 245 237 244 253 243]
seg250: [251 252 249 245 246 248 247 253 244 237 236]
seg251: [250 252 249 246 253 247 245 248 244 237 254]
seg252: [251 249 253 250 248 246 247 245 237 244 254]
seg253: [252 254 251 249 250 255 246 247 245 248 244]
seg254: [255 253 252 259 251 249 246 247 186 191 248]
seg255: [254 253 259 252 192 170 187 251 249 191 246]
seg256: [176 253 252 189 251 250 254 257 249 236 245]
seg257: [253 175 251 258 252 173 254 250 249 190 236]
seg258: [241 253 244 252 254 251 245 242 250 255 243]
seg259: [255 254 253 191 192 193 187 252 246 186 170]
seg260: [174 178 188 187 259 191 253 186 183 250 252]
seg261: [262 190 177 164 173 165 257 189 161 241 242]
seg262: [261 173 165 241 258 151 250 251 259 242 150]
seg263: [184 264 191 251 250 252 236 245 259 244 253]
seg264: [235 263 234 166 236 250 251 252 191 184 245]
seg265: [266 178 174 191 201 192 259 170 181 182 179]
seg266: [265 175 179 170 201 219 259 174 198 191 178]
seg267: [184 191 245 236 244 252 251 250 237 249 246]
seg268: [269 271 272 274 276 270 275 273 280 290 279]
seg269: [268 276 270 274 271 275 272 273 286 191 248]
seg270: [271 269 276 268 273 272 279 278 286 281 275]
seg271: [272 273 270 268 269 276 280 274 279 278 275]
seg272: [271 273 274 268 269 280 276 270 279 278 290]
seg273: [272 271 274 276 268 269 275 270 279 278 280]
seg274: [273 275 272 276 269 268 271 290 280 278 279]
seg275: [276 274 277 279 278 269 268 281 273 282 287]
seg276: [275 277 280 279 278 269 274 287 270 290 281]
seg277: [279 281 276 278 275 282 280 283 289 290 288]
seg278: [279 280 277 282 281 276 275 288 283 287 290]
seg279: [278 280 281 277 282 276 283 275 293 286 290]
seg280: [279 278 281 284 276 290 282 286 293 283 271]
seg281: [279 277 282 280 283 278 285 286 276 294 287]
seg282: [283 281 284 279 278 285 286 280 288 277 289]
seg283: [282 281 284 279 285 286 280 278 277 276 289]
seg284: [285 280 282 286 283 281 279 290 278 276 291]
seg285: [286 284 282 281 291 283 290 280 293 287 292]
seg286: [285 287 284 291 293 282 292 281 290 280 283]
seg287: [288 290 289 286 293 276 292 291 281 279 280]
seg288: [289 290 287 291 292 293 276 282 286 278 280]
seg289: [290 288 291 287 292 293 282 294 279 277 281]
seg290: [289 288 291 287 292 293 280 294 276 286 285]
seg291: [292 290 293 289 286 288 285 294 287 295 279]
seg292: [293 291 294 290 295 289 286 288 287 285 281]
seg293: [292 294 291 295 290 286 287 289 288 280 279]
seg294: [293 295 292 291 290 281 289 287 286 288 279]
seg295: [294 293 292 291 290 286 289 281 287 288 279]
seg296: [297 300 332 299 333 301 368 331 335 304 330]
seg297: [300 296 298 299 308 309 323 332 333 368 322]
seg298: [299 297 300 296 307 301 305 332 335 308 333]
seg299: [298 300 315 297 296 307 306 301 335 332 317]
seg300: [299 297 298 296 301 334 307 347 332 335 308]
seg301: [302 303 304 300 296 335 297 323 321 334 299]
seg302: [303 301 304 323 321 296 307 336 332 338 335]
seg303: [302 301 304 323 321 307 338 296 337 332 333]
seg304: [307 323 335 306 336 309 347 334 301 320 308]
seg305: [316 306 304 307 314 313 309 308 296 310 298]
seg306: [307 309 308 320 319 304 317 323 315 335 333]
seg307: [306 309 304 308 320 323 347 335 336 359 367]
seg308: [309 307 319 306 367 320 359 350 347 323 297]
seg309: [308 307 306 320 319 367 323 368 359 347 304]
seg310: [305 314 316 297 296 300 370 313 368 309 298]
seg311: [312 313 305 301 298 308 330 304 309 332 333]
seg312: [313 311 315 314 307 334 331 299 304 298 330]
seg313: [312 314 334 315 316 307 305 304 335 321 343]
seg314: [316 317 313 315 318 309 326 334 308 304 307]
seg315: [317 299 314 320 306 313 307 334 309 319 308]
seg316: [314 317 309 305 308 307 318 320 340 304 315]
seg317: [318 315 320 319 314 306 316 308 307 309 304]
seg318: [317 319 320 314 307 308 306 309 316 315 304]
seg319: [320 308 309 317 306 318 307 323 304 315 332]
seg320: [319 309 323 317 306 308 307 318 304 315 321]
seg321: [326 323 322 349 327 332 370 328 307 334 324]
seg322: [323 370 321 326 324 332 346 349 328 333 297]
seg323: [322 320 347 324 321 335 326 304 309 307 325]
seg324: [325 335 323 326 347 336 304 332 327 322 321]
seg325: [324 326 336 335 323 327 347 334 328 339 346]
seg326: [328 347 327 349 325 334 321 323 346 339 342]
seg327: [328 335 326 336 334 332 321 325 347 333 349]
seg328: [327 334 326 335 336 332 347 368 333 346 344]
seg329: [330 332 334 333 335 368 344 331 369 360 345]
seg330: [331 329 334 332 333 335 296 304 344 336 328]
seg331: [330 332 334 333 335 336 329 296 304 328 338]
seg332: [333 335 338 334 337 336 328 327 329 330 331]
seg333: [332 338 335 337 334 336 328 330 331 327 329]
seg334: [335 332 328 333 344 345 336 347 368 343 327]
seg335: [336 332 333 334 328 327 338 337 325 324 347]
seg336: [335 332 334 328 333 325 327 338 337 304 347]
seg337: [338 333 332 335 336 362 323 344 359 308 304]
seg338: [337 333 332 335 336 362 344 323 359 328 345]
seg339: [340 341 342 326 343 347 361 349 363 325 364]
seg340: [341 343 339 359 363 364 342 347 357 362 361]
seg341: [340 343 339 359 363 342 364 357 347 358 362]
seg342: [343 349 360 339 359 364 326 341 340 344 357]
seg343: [359 360 366 363 344 345 361 364 357 358 367]
seg344: [345 368 369 367 359 360 343 366 352 362 347]
seg345: [344 369 367 360 343 359 368 366 352 361 362]
seg346: [347 370 349 344 345 326 328 367 357 360 359]
seg347: [346 367 359 344 345 360 326 343 352 334 368]
seg348: [349 346 326 347 370 360 350 344 342 345 368]
seg349: [348 326 346 370 342 321 360 347 368 328 350]
seg350: [351 359 352 360 357 367 368 366 358 347 365]
seg351: [350 359 352 360 357 367 366 358 368 365 362]
seg352: [360 369 366 368 359 361 351 367 365 350 344]
seg353: [354 343 361 352 359 363 357 358 360 364 327]
seg354: [353 343 361 359 364 363 360 352 357 367 362]
seg355: [356 365 366 360 359 343 362 361 352 363 368]
seg356: [355 366 365 360 359 361 362 343 352 344 367]
seg357: [358 359 360 343 367 362 351 350 361 352 344]
seg358: [357 359 360 343 367 362 351 361 350 347 352]
seg359: [360 357 367 361 358 362 343 366 344 352 350]
seg360: [359 367 352 366 357 358 343 362 361 344 345]
seg361: [359 360 366 343 352 362 367 363 345 356 344]
seg362: [359 360 361 367 357 344 366 343 358 345 352]
seg363: [364 343 361 355 359 365 366 360 356 345 344]
seg364: [363 343 359 361 360 365 366 344 345 355 356]
seg365: [366 355 360 368 352 356 343 369 344 345 359]
seg366: [365 360 352 359 355 343 361 356 345 344 367]
seg367: [359 360 344 345 362 366 357 352 343 361 347]
seg368: [369 344 352 360 345 365 367 359 366 350 343]
seg369: [368 352 344 345 360 366 365 367 359 361 355]
seg370: [346 349 322 347 326 323 321 368 344 359 328]
seg371: [372 389 374 390 388 373 392 375 378 393 391]
seg372: [371 373 374 389 375 388 378 386 391 377 385]
seg373: [374 375 372 376 391 377 385 378 388 371 389]
seg374: [373 375 372 376 377 391 385 378 388 371 389]
seg375: [376 377 374 373 378 389 385 372 390 388 391]
seg376: [375 377 374 373 378 389 385 391 390 388 372]
seg377: [376 375 374 373 389 378 385 388 390 391 372]
seg378: [375 376 374 372 377 373 389 371 391 379 388]
seg379: [380 381 378 375 376 377 382 373 385 374 394]
seg380: [379 381 378 376 375 377 385 382 388 374 396]
seg381: [380 379 376 382 377 385 375 378 388 373 374]
seg382: [381 380 376 379 375 385 378 377 373 374 391]
seg383: [384 385 375 377 387 376 386 378 388 374 373]
seg384: [383 385 375 387 377 386 376 388 378 374 373]
seg385: [373 375 374 386 376 377 391 388 372 387 378]
seg386: [387 388 385 372 391 373 374 389 378 377 375]
seg387: [386 388 389 372 391 385 374 373 390 375 378]
seg388: [387 389 386 390 372 391 374 373 375 377 385]
seg389: [390 388 391 375 372 371 376 392 377 393 387]
seg390: [389 391 388 392 375 376 393 377 371 372 378]
seg391: [390 392 389 373 374 388 376 375 385 393 372]
seg392: [393 391 390 389 371 388 394 378 377 375 372]
seg393: [392 389 390 391 394 371 388 378 396 372 395]
seg394: [395 396 393 392 389 390 388 391 371 378 372]
seg395: [396 394 388 389 390 393 387 372 371 391 392]
seg396: [395 394 388 389 390 393 372 371 392 397 387]
seg397: [398 399 389 375 396 388 390 376 374 377 373]
seg398: [399 397 376 375 377 374 373 388 385 389 372]
seg399: [398 397 375 374 377 376 373 391 385 389 388]
seg400: [401 398 377 375 376 399 374 388 373 397 389]
seg401: [400 377 375 376 388 399 398 410 374 373 389]
seg402: [403 404 422 423 379 380 375 400 376 374 381]
seg403: [402 404 423 422 379 380 375 376 416 374 389]
seg404: [402 403 423 425 380 379 422 416 405 381 411]
seg405: [406 410 423 409 407 408 400 430 411 404 431]
seg406: [405 410 407 431 430 400 423 408 401 409 411]
seg407: [408 409 423 410 411 395 396 424 394 425 397]
seg408: [407 409 423 411 410 395 396 394 375 397 424]
seg409: [410 408 411 407 423 396 375 430 388 431 397]
seg410: [409 411 408 407 431 430 388 397 375 406 398]
seg411: [410 409 408 398 407 399 375 397 423 413 389]
seg412: [411 413 418 416 419 410 415 401 400 421 398]
seg413: [411 416 412 417 375 378 392 400 389 390 408]
seg414: [415 417 422 413 402 416 411 410 418 419 409]
seg415: [414 416 419 417 412 418 411 402 410 403 430]
seg416: [415 411 413 419 420 423 412 417 403 404 425]
seg417: [414 422 413 418 419 411 416 415 423 420 407]
seg418: [419 423 409 420 410 411 408 426 407 417 427]
seg419: [418 420 410 423 411 409 408 424 407 416 400]
seg420: [419 418 411 408 407 400 416 401 413 425 424]
seg421: [413 422 419 401 418 412 423 420 400 411 393]
seg422: [423 402 417 425 403 421 408 424 394 375 407]
seg423: [425 424 422 408 407 409 411 418 403 396 375]
seg424: [425 423 407 408 427 426 419 410 411 429 431]
seg425: [424 423 408 407 427 426 411 422 380 404 420]
seg426: [427 428 424 408 423 425 418 407 419 430 410]
seg427: [426 424 428 408 425 407 423 418 419 410 430]
seg428: [429 430 431 427 423 426 408 410 407 424 409]
seg429: [428 430 431 423 410 408 424 407 409 427 425]
seg430: [431 428 410 409 429 423 411 400 408 407 406]
seg431: [430 410 428 409 429 400 423 411 406 424 407]
